# Baseline profile ogv1c
# Extracted from mesh files in examples/LRN-CASCADE/cascade_musicaa_base
1.002978063969140049e-01 1.035680577699829907e+00
1.757615225590619945e-01 1.183077035389749954e+00
2.614922748424710064e-01 1.335069754881609949e+00
3.552489417698340146e-01 1.493180993716229921e+00
4.571889877532310242e-01 1.657799382149439893e+00
5.691382609599500153e-01 1.828218127028550022e+00
6.906188274284940087e-01 2.005159947931229869e+00
8.214651878010940100e-01 2.189268853864629882e+00
9.626376812626580293e-01 2.380428349180140124e+00
1.114904916810439905e+00 2.578611495070119997e+00
1.278346115460099908e+00 2.784329905804269867e+00
1.452843288119350040e+00 2.998341360942740064e+00
1.640099938973889948e+00 3.219914742625169968e+00
1.840293698561600078e+00 3.449532576205999845e+00
2.053338666692190007e+00 3.687987388857060012e+00
2.280160437404960216e+00 3.935206577790939964e+00
2.521359412710880044e+00 4.191389058520499589e+00
2.778246488327130059e+00 4.456035327063969653e+00
3.050530461555370110e+00 4.730199872489880164e+00
3.339050022555670072e+00 5.013862100258929644e+00
3.644587369763970131e+00 5.307030811045549967e+00
3.967922253964680124e+00 5.609691479615899645e+00
4.310300986579419735e+00 5.921279388912560115e+00
4.671799126988200435e+00 6.242478923522540413e+00
5.053179188826420365e+00 6.573209452379550122e+00
5.053179188826420365e+00 6.573209452379550122e+00
5.433355926641779909e+00 6.895107678655239880e+00
5.804771584548910290e+00 7.202741697938400023e+00
6.168932695558289936e+00 7.498343332440110309e+00
6.528399553431960101e+00 7.782425905504349650e+00
6.883419992743480265e+00 8.058097522070569951e+00
7.235251146607679651e+00 8.327024773669240432e+00
7.586005167117050085e+00 8.589556029175769325e+00
7.936944672027469672e+00 8.846986060325079393e+00
8.288609331962499382e+00 9.101573455589379691e+00
8.643317377793600542e+00 9.353106420790780362e+00
9.002270495321329946e+00 9.602892325847060206e+00
9.366157889020380267e+00 9.853117104254859981e+00
9.737951629300859224e+00 1.010275641562579985e+01
1.011848276317130058e+01 1.035407385755570076e+01
1.050909668495850013e+01 1.060892420914520073e+01
1.091354913035860008e+01 1.086573815754490013e+01
1.133280481712190024e+01 1.112767580098329923e+01
1.176922535619620014e+01 1.139635599833199997e+01
1.222718309082750032e+01 1.167075320298840069e+01
1.270713399895299922e+01 1.195259751033469975e+01
1.319324570818779918e+01 1.223258045632220004e+01
1.369966089059740000e+01 1.251809460459150003e+01
1.422748169806270013e+01 1.280740833519420008e+01
1.477631335957939918e+01 1.310134848047590062e+01
1.534648263896330000e+01 1.339933949141970082e+01
1.593816849779769917e+01 1.370093849770380068e+01
1.655180215611619943e+01 1.400502180195019974e+01
1.718778772257579845e+01 1.431026370278419968e+01
1.784569159626419932e+01 1.461687192020700010e+01
1.852550599735380032e+01 1.492400107062590031e+01
1.922726817771750163e+01 1.523044461717860010e+01
1.995060149272709893e+01 1.553569455770930041e+01
2.069525000833279904e+01 1.583871929127190015e+01
2.146081612850949938e+01 1.613854962945589833e+01
2.224679666212160001e+01 1.643419742197179900e+01
2.305258052781449862e+01 1.672466302085479839e+01
2.387755882488599823e+01 1.700898169233590096e+01
2.472098380846970045e+01 1.728629819127879941e+01
2.558168135481970040e+01 1.755619650343309956e+01
2.645845416351960111e+01 1.781809437562590048e+01
2.734990902879840036e+01 1.807182961556599921e+01
2.825465436195020175e+01 1.831704598672040163e+01
2.917123379495890134e+01 1.855341924843330048e+01
3.009813286076400018e+01 1.878066083761429894e+01
3.103378703858459886e+01 1.899851883810270081e+01
3.197659080978850099e+01 1.920677668156680085e+01
3.292490607623749810e+01 1.940525618117749929e+01
3.387707194885940254e+01 1.959381602614600126e+01
3.483141425994679707e+01 1.977235231486260147e+01
3.578625497025090141e+01 1.994080034369769905e+01
3.673992206582519771e+01 2.009913393722769825e+01
3.769299939877679861e+01 2.024770013953229864e+01
3.864524883180259707e+01 2.038668271735480175e+01
3.959477881348740169e+01 2.051602160051639956e+01
4.053985771084239786e+01 2.063572314107850048e+01
4.147879253981719927e+01 2.074583818650609857e+01
4.240994089538349954e+01 2.084645790837970125e+01
4.333172012300280329e+01 2.093771969305790037e+01
4.424262092124010337e+01 2.101976560696169827e+01
4.514124282743969729e+01 2.109234987245800141e+01
4.602619638914929823e+01 2.115615943543319943e+01
4.689622749696260229e+01 2.121144363697850110e+01
4.775017768526679873e+01 2.125850426820500161e+01
4.858698699896149975e+01 2.129775179311290145e+01
4.940571961768210230e+01 2.132915979960190000e+01
5.020551470674399752e+01 2.135335502953849840e+01
5.098563382278290135e+01 2.137065367081579836e+01
5.174544812598679755e+01 2.138049168029510128e+01
5.248440341922199792e+01 2.138451985500670105e+01
5.320208101182340243e+01 2.138314723172440068e+01
5.389815671770109873e+01 2.137647956814520001e+01
5.457237156696879765e+01 2.136392661901399848e+01
5.522458963602390014e+01 2.134697286987480069e+01
5.585477847714359712e+01 2.132647168013290084e+01
5.646292884618330277e+01 2.130176457156969860e+01
5.704910552038359839e+01 2.127293805778969826e+01
5.761357099993460196e+01 2.124212549721260146e+01
5.815644397720839720e+01 2.120763157365859897e+01
5.867805867518669771e+01 2.117084489214909837e+01
5.917883390256240261e+01 2.113289043978819848e+01
5.965890318554890115e+01 2.109114567985179889e+01
6.011903147713090334e+01 2.104984970546200174e+01
6.055930816803429906e+01 2.100527052183720045e+01
6.098057460595499890e+01 2.096131378982439841e+01
6.138301401293200144e+01 2.091503630932039925e+01
6.176748046851569995e+01 2.086959692240040098e+01
6.213420133329500317e+01 2.082244870760920108e+01
6.248409765060750232e+01 2.077669141129079833e+01
6.281730490367790054e+01 2.072921448148739998e+01
6.313492066953430282e+01 2.068393913672349882e+01
6.343691089732529775e+01 2.063687499793509872e+01
6.372438122293049645e+01 2.059162807286499941e+01
6.399765539816699800e+01 2.054679470800180141e+01
6.425721674547729378e+01 2.050193223359979910e+01
6.450398744033880405e+01 2.045929996412739982e+01
6.473797560954000119e+01 2.041595383938259900e+01
6.496007405534980705e+01 2.037389589059059958e+01
6.517095400945770223e+01 2.033396748743789928e+01
6.537058970092610366e+01 2.029347851922349832e+01
6.537058970092610366e+01 2.029347851922349832e+01
6.555483274065940691e+01 2.025529234493919972e+01
6.569720575576489807e+01 2.022578414329390029e+01
6.581373285157809505e+01 2.020162573331939981e+01
6.591342430399780028e+01 2.017971905304559854e+01
6.600229660550959920e+01 2.015955293804229953e+01
6.608452672098930236e+01 2.014089400902529903e+01
6.616316509606940599e+01 2.012305008590690036e+01
6.624077728335049642e+01 2.010542548768709992e+01
6.631966036736679371e+01 2.008686043699159995e+01
6.640252199949659939e+01 2.006712821704919847e+01
6.649257226312610669e+01 2.004566522367089831e+01
6.659401836233099914e+01 2.002126650879300129e+01
6.671312348122179969e+01 1.999244025772140176e+01
6.685972690862119805e+01 1.995586158823180156e+01
6.703533766122720294e+01 1.987963601551070170e+01
6.715188522315500563e+01 1.976014954036540061e+01
6.720410473151430608e+01 1.966158166372800054e+01
6.723154465380119404e+01 1.958220167042610171e+01
6.724593515918580522e+01 1.951437326195529920e+01
6.725162395766480472e+01 1.945304669011460064e+01
6.725191760183129475e+01 1.939456806388029975e+01
6.724552004564469598e+01 1.933571148525620131e+01
6.723107315034989995e+01 1.927359436086420175e+01
6.720556323617189776e+01 1.920461516868340013e+01
6.716726357512729351e+01 1.913303009348150141e+01
6.711700430944219420e+01 1.906491725699279982e+01
6.705390332630679495e+01 1.900232139943900123e+01
6.697737673032300165e+01 1.894857561714589878e+01
6.688616968490239856e+01 1.891139284937380083e+01
6.678283785266499706e+01 1.889835875201519855e+01
6.667268381996190385e+01 1.890656742294089909e+01
6.655682604953069870e+01 1.892480388482049847e+01
6.643378068681789728e+01 1.894500642280009828e+01
6.630239794591419411e+01 1.896487626375920144e+01
6.616193611106290007e+01 1.898548241623949906e+01
6.601143669209460541e+01 1.900735606377410036e+01
6.584917785852199756e+01 1.902656434873609825e+01
6.567425479045670045e+01 1.904689690674180014e+01
6.548510139471029845e+01 1.906892965726429878e+01
6.527948873474710467e+01 1.908973480388069888e+01
6.505517261722930300e+01 1.910970146481830056e+01
6.480971103515629750e+01 1.913168756957750105e+01
6.453942246299649810e+01 1.915058371127339854e+01
6.424058701129459337e+01 1.916998140123479999e+01
6.390821929411559665e+01 1.918783746062500128e+01
6.353620741831520036e+01 1.920387282509430094e+01
6.311691284488340159e+01 1.921669980939089939e+01
6.264059560895599788e+01 1.922747146043730027e+01
6.209454790252460299e+01 1.923034824918579844e+01
6.209454790252460299e+01 1.923034824918580199e+01
6.152519557264670169e+01 1.922700728442470108e+01
6.092965121404650120e+01 1.921716309842710046e+01
6.030737920070019698e+01 1.920023267449109738e+01
5.965801008761970081e+01 1.917362457980549806e+01
5.898109851066470100e+01 1.913900114896340199e+01
5.827631083667780132e+01 1.909604167849409606e+01
5.754340327883389961e+01 1.904434186517509886e+01
5.678223245054370238e+01 1.898344553749900143e+01
5.599275650093510137e+01 1.891294974683869867e+01
5.517512348823809987e+01 1.883171308175270298e+01
5.432944507957729741e+01 1.874024182283820039e+01
5.345600866364029713e+01 1.863838939122619820e+01
5.255524782974460152e+01 1.852588653685229758e+01
5.162773254593420091e+01 1.840250515941200149e+01
5.067479317553979712e+01 1.826814915511239690e+01
4.969833843357260150e+01 1.812285265165839832e+01
4.869889449774129986e+01 1.796647975327540081e+01
4.767713957915039913e+01 1.779892520574090042e+01
4.663390242483050230e+01 1.762011583559100103e+01
4.557015881715229710e+01 1.743001310136740045e+01
4.448702659918919977e+01 1.722861338052040026e+01
4.338575924424049646e+01 1.701594581428039987e+01
4.226773621232980105e+01 1.679207689332390174e+01
4.113445107644459853e+01 1.655711545369670290e+01
3.998758401916970229e+01 1.631081934488239682e+01
3.882880580672060233e+01 1.605346491732589698e+01
3.765983750600290136e+01 1.578544808134240185e+01
3.648597661709389683e+01 1.550776724611080226e+01
3.531233302174219801e+01 1.522133896963030253e+01
3.414042294972900038e+01 1.492668253838809989e+01
3.297253788872900060e+01 1.462422584962450145e+01
3.181103153374469983e+01 1.431416504545669710e+01
3.065822792125059948e+01 1.399675990342309717e+01
2.951620895896270014e+01 1.367301162803269676e+01
2.838723951819070024e+01 1.334305844386729945e+01
2.727332011853599880e+01 1.300769775097700176e+01
2.617644804008979875e+01 1.266742225407350020e+01
2.509868179665319943e+01 1.232221452952450136e+01
2.404185917581170173e+01 1.197242718530200278e+01
2.300759431042940051e+01 1.161871703341029871e+01
2.199758255609690138e+01 1.126110861782199635e+01
2.101294692788950158e+01 1.090083184892080226e+01
2.005482539579680079e+01 1.053861313831809809e+01
1.912437008485679968e+01 1.017473366451960004e+01
1.822204840226660139e+01 9.810815007368397289e+00
1.734865777104259976e+01 9.447198784856702503e+00
1.650434585989160041e+01 9.085375627630902784e+00
1.568937911255309992e+01 8.726122871220397315e+00
1.490411451504090046e+01 8.369658397017602169e+00
1.414831192906279966e+01 8.017186939154896663e+00
1.342183863359369944e+01 7.669323043530901884e+00
1.272448877604860051e+01 7.326535107757202070e+00
1.205569827789349979e+01 6.989733463390301438e+00
1.141537457952519929e+01 6.659589673922198472e+00
1.080332832223479933e+01 6.336801185652902291e+00
1.021906539679049963e+01 6.021639387405201660e+00
9.661834112015510456e+00 5.714674253566499829e+00
9.130894997742910135e+00 5.416279378851498905e+00
8.625478296230630448e+00 5.126737948474996642e+00
8.144774976387669341e+00 4.846279166840396613e+00
7.687943094028850233e+00 4.575084533863602587e+00
7.254118382845909707e+00 4.313286131043597038e+00
6.842422573989339618e+00 4.060968087813002114e+00
6.451969619331889838e+00 3.818170707087197968e+00
6.081870466519670337e+00 3.584895843505798041e+00
5.731236405106550080e+00 3.361113464318997046e+00
5.399201863838749560e+00 3.146736930739102434e+00
5.084931362061460014e+00 2.941623659197702523e+00
4.787547329777759764e+00 2.745694026538899379e+00
4.506279491254120195e+00 2.558710823126801870e+00
4.240364704888979652e+00 2.380440817370001128e+00
3.988923786085480039e+00 2.210840362782398927e+00
3.751238462741020019e+00 2.049648122402196293e+00
3.526611266693110203e+00 1.896600525869899911e+00
3.314416646653969956e+00 1.751360000256298122e+00
3.113895915808969850e+00 1.613816571917396914e+00
2.924455176319670002e+00 1.483654941297196217e+00
2.745509395632800054e+00 1.360584791917901271e+00
2.576450626892529794e+00 1.244387774505696598e+00
2.409865886738740137e+00 1.129999852064102583e+00
2.239178817612809791e+00 1.013131192734199715e+00
2.064600483235610184e+00 8.942146185519987966e-01
1.886691157409960073e+00 7.737922576363018834e-01
1.705942557336590060e+00 6.526120125826011531e-01
1.522836886096089914e+00 5.315257533425992165e-01
1.337815201324179970e+00 4.115219596873984642e-01
1.151244110773729901e+00 2.937679523614988852e-01
9.633837862197289770e-01 1.796647842401029038e-01
7.739951439923049570e-01 7.157974604459838019e-02
5.812970512269840517e-01 -2.444961706650161659e-02
3.746169810959770197e-01 -6.908812591159829708e-02
1.672642631978109862e-01 -6.888795702010241939e-02
-1.373287011254326062e-02 1.316415967559692035e-02
-9.333446937670941690e-02 1.905700049219021253e-01
-1.100824110305139991e-01 3.807085982778986022e-01
-9.303320483154575715e-02 5.641488080576024799e-01
-3.619604010852890685e-02 7.320955952209970974e-01
3.036778399633624156e-02 8.887906636507025837e-01
1.002978063969140049e-01 1.035680577699800153e+00
